%       y       chord   incidence   
data=[5.7807   30.5155    2.0511    
      6.2807   29.5118    2.2591    
      7.5849   26.8939    2.8743    
     10.4073   24.4502    2.4813    
     13.6024   22.7141    1.9057    
     16.8006   20.9755    1.1756    
     18.4348   20.0895    0.7420    
     24.8919   16.5998   -0.1769    
     26.2975   16.1811   -0.2797    
     28.7513   15.4636   -0.4052    
     31.2052   14.7464   -0.5365    
     42.2216   11.5265   -0.9588    
     46.7028   10.2165   -1.1756      
     55.7581    7.5689   -2.0482    
     60.6115    6.1480   -3.6424    
     62.1286    5.7041   -4.5226];